1000
9948
5630
1401
7878
3271
7909
8953
6847
8231
3261
9673
2018
6397
6320
5357
9562
3507
8732
4065
152
3166
4400
4187
232
1154
1847
939
7092
1189
5576
2086
7488
7558
9839
1718
828
7747
670
7674
2329
3930
3698
4346
326
17
6054
9888
3523
1137
304
26
4303
1056
565
886
2209
2411
1825
5653
9951
7400
4090
3790
4957
3928
5507
5784
1675
6176
9809
355
105
3506
1053
6783
9874
7106
3022
9749
4595
3325
9774
8897
4380
338
9782
2941
9100
7958
4945
5402
1710
9034
9192
6666
2962
4698
8802
988
874
4962
1342
7330
4820
2394
4112
4693
5852
7133
4441
446
6810
567
5694
7541
7256
1827
481
2708
6137
1777
8109
7846
811
3652
863
124
8350
6016
1111
5575
978
8804
9256
2149
7550
3368
6841
3401
6852
7634
198
3661
8200
2243
7554
1807
421
4386
4514
6557
6163
8975
754
6973
2626
1617
3448
975
7632
4558
2901
4961
3361
2157
7109
7262
1876
302
662
8727
7935
7211
8740
2486
9453
2645
4292
9874
7030
5158
2782
3192
4132
3536
6516
6757
1504
9963
4084
9135
872
6984
448
585
5492
3908
7846
7367
4209
4860
2446
8495
2070
7537
980
7875
181
1624
4100
7210
6781
6881
6754
912
6768
9621
7668
8271
9584
8103
3758
6807
5087
557
7391
6930
4464
5237
4297
5025
96
3094
3519
8517
630
851
6391
7162
2474
6842
4371
5606
75
7476
6517
6842
7097
536
5113
3032
8639
5222
9838
77
5778
7229
7006
241
8817
7654
1617
5264
747
1488
3780
7728
2338
6523
4889
1163
3364
5612
6768
3438
9439
9636
6632
6535
6523
1744
9566
1513
6965
9404
7941
9094
2984
4947
9334
8152
8952
7303
3415
6051
8790
3546
130
1127
68
1371
8641
9784
6982
1760
9573
2772
1395
6204
9307
4269
4299
5224
5782
7615
979
3722
6708
3962
5020
2394
2113
3972
9696
1879
6374
8485
5425
6503
5963
1844
7873
4603
1627
1206
6362
7552
3978
4108
3755
3284
8376
4406
4859
509
2020
5838
4231
5080
6151
5602
7473
8264
5925
3520
142
2298
8356
1918
8801
4318
3762
6673
8920
1740
7879
1633
9291
1856
2092
9398
1491
467
3803
6349
7328
2174
2186
1558
7253
8337
3511
1077
2952
9436
4596
9445
1733
2951
1363
533
7268
1476
3558
2539
3215
1436
523
2506
9643
2614
1903
1133
9433
2057
3833
6760
4230
2371
4669
1483
707
8179
2559
10
7614
3507
5806
5699
6457
7168
6231
77
4995
9788
8967
8210
7575
5842
7067
7217
8455
5321
8349
7887
7377
2182
998
1606
4552
5666
9440
1610
3845
8351
7971
7810
1857
3776
3508
4665
7296
6091
4741
2290
5878
60
6851
3453
5901
3917
669
4355
9237
5370
8594
2965
3903
5943
923
4806
1609
362
2767
1805
8712
737
9614
6920
4512
9474
1585
8159
5564
2677
449
1441
2736
7299
1245
8636
7568
8266
9343
3156
9987
4288
6121
3889
230
7043
5046
8190
3756
7812
9994
8820
8548
5960
5739
9411
5433
7323
7570
996
10000
4370
8788
9087
8020
6385
7723
5587
4650
3417
8743
4636
4056
1215
4876
4285
4609
9921
8827
8364
4084
8820
7183
2631
4779
9274
8393
6563
2948
5962
7558
2947
6683
2698
2034
4703
9082
6108
289
83
5876
5383
1070
9931
6597
5945
567
1205
2217
9393
9569
6300
8213
3103
5282
9343
8728
3674
5906
1676
5988
9815
4622
2670
2512
3007
7372
7945
5466
7661
8027
1341
3043
9096
1271
5992
1392
1838
7196
3608
1230
3116
6259
5794
2571
1540
1489
1298
5214
3746
2973
1201
3560
3947
222
2424
6953
7594
6720
8771
1606
4747
111
1000
194
1382
6991
1586
9571
4187
1545
7152
3654
7804
9298
6224
9343
786
7522
908
4531
6846
8460
4442
792
8682
3217
4097
6275
9937
2867
7880
1035
2977
8879
1228
710
5870
9165
6632
6408
710
3784
61
8513
3081
6285
4207
218
158
5115
4748
7003
3574
5541
4147
2255
8758
8243
4881
5046
1109
9112
2432
437
7991
3659
1147
212
2824
7778
2971
9885
7913
3031
8397
7345
5667
8955
7562
2176
4069
8661
5531
3995
4202
9677
2601
9311
7919
7482
708
9027
2945
3139
5815
935
3149
6961
7498
2324
1091
468
2208
5355
9851
6956
2700
1869
5911
261
4045
9979
5274
5927
325
5827
5603
2926
1489
3521
6759
2196
8899
9703
1686
4713
6990
4834
8026
839
7158
5468
1307
5717
822
7509
2673
9873
5729
8583
134
6125
4913
1759
2051
5238
7585
7653
4515
9073
1173
1273
7620
6423
7327
9305
1136
4316
4138
9161
5155
7647
4628
2813
3364
1801
6673
6036
1674
2401
970
8159
8526
5882
9917
576
7471
3853
4581
1985
9277
5753
9609
6896
2176
6936
2552
9663
7603
3041
5175
9109
688
6154
8273
403
7954
4945
6438
5979
3698
3759
4137
8575
9640
405
9150
7111
4257
82
5447
3533
5835
5056
6780
4362
8343
9331
376
5945
2372
5550
1406
9411
1703
9678
9813
6008
975
2602
1987
4672
6360
6123
3246
2351
2880
8747
9461
3488
8829
4908
3373
1015
6315
152
1728
4657
5835
2103
6953
8206
4004
8358
7616
2058
4388
7428
8065
1714
6381
51
2737
2740
2526
5982
5090
5405
1080
903
5244
6260
2162
8616
3626
8476
8768
1705
9484
4602
159
6436
9159
4162
1146
6774
6219
1885
553
636
9950
3285
686
2686
6024
9563
5019
7465
1319
6098
8367
6563
8710
6880
5178
2335
5355
297
392
1190
4898
550
3978
4056
4712
1475
7181
7282
3359
4085
7917
3308
7369
4955
2345
9744
4517
7363
7209
5836
9812
1927
8750
8521
8807
3927
7208
513
576
7599
1703
5473
8148
5680
5881
9211
3506
9413
2845
6864
9850
761
6523
7218
5715
5219
3314
6584
2581
6874
8771
2392
8800
7520
7265
7606
7798
4472
4471
8373
8422
6173
198
2921
8204
2430
8484
1709
1842
1328
4924
8043
8440
7798
